3.865188360214233398e+00
1.676327586174011230e+00
1.324810504913330078e+00
1.224941968917846680e+00
1.116414666175842285e+00
1.012712121009826660e+00
8.785323500633239746e-01
8.416669368743896484e-01
7.123832702636718750e-01
6.030850410461425781e-01
5.547791719436645508e-01
4.650826454162597656e-01
4.248323142528533936e-01
3.338932991027832031e-01
3.145503401756286621e-01
2.777944505214691162e-01
2.262570410966873169e-01
2.236995100975036621e-01
1.395706683397293091e-01
1.291974484920501709e-01
1.557174175977706909e-01
1.058001518249511719e-01
1.148273199796676636e-01
1.038519814610481262e-01
8.384792506694793701e-02
1.131162494421005249e-01
5.667221173644065857e-02
1.866019330918788910e-02
1.046814545989036560e-01
2.129496634006500244e-02
3.315620124340057373e-02
1.016754508018493652e-01
6.907575763761997223e-03
6.238345801830291748e-02
5.664251744747161865e-03
1.200758889317512512e-01
3.473601071164011955e-03
2.742916112765669823e-03
7.043885439634323120e-02
2.115827752277255058e-03
7.172732055187225342e-02
1.675705541856586933e-03
6.625789403915405273e-02
1.794916694052517414e-03
1.496600802056491375e-03
8.548997342586517334e-02
1.156562124378979206e-03
2.942156745120882988e-03
1.654074061661958694e-03
8.510165661573410034e-02
6.740567623637616634e-04
1.346727833151817322e-03
8.741315454244613647e-02
5.396582419052720070e-04
4.726008046418428421e-04
7.830357551574707031e-02
5.197081482037901878e-04
3.263629914727061987e-04
2.152937377104535699e-04
4.789981991052627563e-02
2.594919933471828699e-04
2.210067177657037973e-04
1.538781652925536036e-04
3.503596037626266479e-02
1.704106689430773258e-04
1.151523320004343987e-04
1.878517679870128632e-03
5.500873085111379623e-04
7.249561167554929852e-05
5.052718520164489746e-02
2.927184978034347296e-04
8.276484732050448656e-05
6.661102088401094079e-05
5.070553347468376160e-02
1.691474026301875710e-04
8.592913218308240175e-05
5.327811231836676598e-05
3.619942069053649902e-02
1.517464988864958286e-04
7.433814607793465257e-05
4.464178709895350039e-05
6.058546528220176697e-02
1.277143601328134537e-04
5.949846308794803917e-05
3.670003206934779882e-05
3.186260908842086792e-02
9.767791198100894690e-05
4.236674794810824096e-05
5.239038000581786036e-05
2.118534575856756419e-05
5.956919863820075989e-02
1.409021351719275117e-04
2.144909740309230983e-05
1.896801768452860415e-05
1.537725438538473099e-05
8.378801494836807251e-02
2.995751565322279930e-04
4.784249904332682490e-05
2.010735443036537617e-05
1.405780312779825181e-05
