6.404108524322509766e+00
1.362687349319458008e+00
1.225043535232543945e+00
1.003240942955017090e+00
7.063032388687133789e-01
3.703654110431671143e-01
1.608995348215103149e-01
6.596627086400985718e-02
3.217113018035888672e-02
2.293232828378677368e-02
1.696638762950897217e-02
7.525999099016189575e-03
3.303183708339929581e-03
2.892106072977185249e-03
1.864010351710021496e-03
1.143971807323396206e-03
1.026930636726319790e-03
8.210391388274729252e-04
2.790919505059719086e-03
1.275283400900661945e-03
6.677763885818421841e-04
5.336123867891728878e-04
4.886440583504736423e-04
3.975896688643842936e-04
3.252446185797452927e-04
3.418923006393015385e-04
3.062310570385307074e-04
2.610808005556464195e-04
2.773409360088407993e-04
2.376701449975371361e-04
6.032895180396735668e-04
4.244699957780539989e-04
2.738100301939994097e-04
2.145846083294600248e-04
1.324152399320155382e-04
1.624885335331782699e-04
1.525607658550143242e-04
1.575112401042133570e-04
1.411852572346106172e-04
5.614598630927503109e-04
3.054179542232304811e-04
1.504250685684382915e-04
2.952424110844731331e-04
1.913308224175125360e-04
1.220992562593892217e-04
1.047678233589977026e-04
1.243957376573234797e-04
9.425178723176941276e-05
8.197587158065289259e-05
9.774063801160082221e-05
1.120325614465400577e-04
7.449310214724391699e-05
1.028805490932427347e-04
1.765623874962329865e-02
2.464309483766555786e-01
1.054268255829811096e-01
1.197788044810295105e-01
9.690059721469879150e-02
4.792875051498413086e-02
2.173712849617004395e-02
1.096890494227409363e-02
8.440931327641010284e-03
1.665820716880261898e-03
7.931927102617919445e-04
1.992120523937046528e-04
4.829834215342998505e-04
2.205167984357103705e-04
1.859243348008021712e-04
1.012137945508584380e-04
1.270383363589644432e-04
1.539992808829993010e-04
9.377563401358202100e-05
1.264222955796867609e-04
1.331391540588811040e-04
1.032224827213212848e-04
6.705910345772281289e-05
1.906508114188909531e-04
5.017797957407310605e-05
9.307281288783997297e-05
5.273909482639282942e-05
4.328534487285651267e-05
5.004745980841107666e-05
6.640992796747013927e-05
3.605167876230552793e-05
3.263727921876125038e-05
9.592581773176789284e-05
3.735328573384322226e-05
3.434930840739980340e-05
1.866377897385973483e-05
5.660981332766823471e-05
3.891034430125728250e-05
2.049196518782991916e-05
1.831411827879492193e-05
1.625851291464641690e-05
2.629566552059259266e-05
1.050750324793625623e-05
3.016883965756278485e-05
3.337259113322943449e-05
2.392831447650678456e-05
2.262177440570667386e-05
