1.517687201499938965e+00
1.335615873336791992e+00
1.293084025382995605e+00
1.309591889381408691e+00
1.062399983406066895e+00
1.291283965110778809e+00
1.125953912734985352e+00
8.658134341239929199e-01
7.132259607315063477e-01
5.103257298469543457e-01
3.413209021091461182e-01
2.346515953540802002e-01
1.923240274190902710e-01
1.063058376312255859e-01
3.515189588069915771e-01
1.087022721767425537e-01
5.356534197926521301e-02
4.315471276640892029e-02
9.016634523868560791e-02
7.533052563667297363e-02
1.127799414098262787e-02
1.497933920472860336e-02
1.082099787890911102e-02
2.954374253749847412e-01
2.142642885446548462e-01
3.318027034401893616e-02
1.897921599447727203e-02
2.257639914751052856e-02
1.177581120282411575e-02
2.590897865593433380e-02
4.284122958779335022e-02
8.904801309108734131e-02
3.852229565382003784e-02
1.495997421443462372e-02
1.297400984913110733e-02
7.729829289019107819e-03
1.859390921890735626e-02
2.035712078213691711e-02
2.964568324387073517e-02
2.210267446935176849e-02
1.535938121378421783e-02
1.760233938694000244e-02
3.118813503533601761e-03
1.182060223072767258e-03
1.622454961761832237e-03
5.660526803694665432e-04
7.610466564074158669e-04
2.673315757419914007e-04
2.722502686083316803e-04
1.001597775029949844e-04
1.107978314394131303e-04
8.749531116336584091e-05
8.328416151925921440e-05
1.350450475001707673e-04
8.783277007751166821e-05
5.740597771364264190e-05
1.852757995948195457e-04
7.232218922581523657e-05
6.602408393518999219e-05
8.198452269425615668e-05
9.461685112910345197e-05
5.265828076517209411e-05
8.118162804748862982e-05
6.386626773746684194e-05
2.083878061966970563e-04
7.417148299282416701e-05
1.790041278582066298e-04
5.257658267510123551e-05
5.963756848359480500e-05
4.974312105332501233e-05
4.815251304535195231e-05
3.859596472466364503e-05
4.098444333067163825e-05
3.973213460994884372e-05
6.751863838871940970e-05
1.112514757551252842e-03
2.234647516161203384e-03
1.817856100387871265e-04
7.040590571705251932e-05
6.325217691482976079e-05
6.000498251523822546e-05
2.029171155299991369e-04
7.611701585119590163e-05
1.475666504120454192e-04
1.320368173765018582e-04
4.686746979132294655e-05
4.633737989934161305e-05
1.307537779211997986e-03
3.452995093539357185e-03
5.341398646123707294e-04
2.744545927271246910e-04
6.685798871330916882e-05
1.700308202998712659e-04
1.215189040522091091e-04
5.571174551732838154e-05
9.767681331140920520e-05
2.149986830772832036e-04
1.532130117993801832e-04
3.760295294341631234e-05
6.176285387482494116e-05
