4.288888871669769287e-01
5.333333611488342285e-01
5.266666412353515625e-01
5.166666507720947266e-01
5.844444632530212402e-01
5.377777814865112305e-01
5.855555534362792969e-01
6.666666865348815918e-01
7.544444203376770020e-01
8.244444727897644043e-01
8.766666650772094727e-01
9.244444370269775391e-01
9.322222471237182617e-01
9.666666388511657715e-01
9.011111259460449219e-01
9.599999785423278809e-01
9.777777791023254395e-01
9.855555295944213867e-01
9.677777886390686035e-01
9.811111092567443848e-01
9.977777600288391113e-01
9.933333396911621094e-01
9.977777600288391113e-01
9.311110973358154297e-01
9.433333277702331543e-01
9.900000095367431641e-01
9.955555796623229980e-01
9.933333396911621094e-01
9.955555796623229980e-01
9.911110997200012207e-01
9.888888597488403320e-01
9.777777791023254395e-01
9.900000095367431641e-01
9.966666698455810547e-01
9.944444298744201660e-01
1.000000000000000000e+00
9.933333396911621094e-01
9.922222495079040527e-01
9.900000095367431641e-01
9.933333396911621094e-01
9.933333396911621094e-01
9.966666698455810547e-01
9.988889098167419434e-01
1.000000000000000000e+00
9.988889098167419434e-01
1.000000000000000000e+00
1.000000000000000000e+00
1.000000000000000000e+00
1.000000000000000000e+00
1.000000000000000000e+00
1.000000000000000000e+00
1.000000000000000000e+00
1.000000000000000000e+00
1.000000000000000000e+00
1.000000000000000000e+00
1.000000000000000000e+00
1.000000000000000000e+00
1.000000000000000000e+00
1.000000000000000000e+00
1.000000000000000000e+00
1.000000000000000000e+00
1.000000000000000000e+00
1.000000000000000000e+00
1.000000000000000000e+00
1.000000000000000000e+00
1.000000000000000000e+00
1.000000000000000000e+00
1.000000000000000000e+00
1.000000000000000000e+00
1.000000000000000000e+00
1.000000000000000000e+00
1.000000000000000000e+00
1.000000000000000000e+00
1.000000000000000000e+00
1.000000000000000000e+00
9.988889098167419434e-01
9.988889098167419434e-01
1.000000000000000000e+00
1.000000000000000000e+00
1.000000000000000000e+00
1.000000000000000000e+00
1.000000000000000000e+00
1.000000000000000000e+00
1.000000000000000000e+00
1.000000000000000000e+00
1.000000000000000000e+00
1.000000000000000000e+00
9.988889098167419434e-01
9.977777600288391113e-01
1.000000000000000000e+00
1.000000000000000000e+00
1.000000000000000000e+00
1.000000000000000000e+00
1.000000000000000000e+00
1.000000000000000000e+00
1.000000000000000000e+00
1.000000000000000000e+00
1.000000000000000000e+00
1.000000000000000000e+00
1.000000000000000000e+00
