3.899999856948852539e-01
4.322222173213958740e-01
5.066666603088378906e-01
5.477777719497680664e-01
5.755555629730224609e-01
6.055555343627929688e-01
6.611111164093017578e-01
7.077777981758117676e-01
7.522222399711608887e-01
7.966666817665100098e-01
8.022222518920898438e-01
8.477777838706970215e-01
8.611111044883728027e-01
9.011111259460449219e-01
9.055555462837219238e-01
9.288889169692993164e-01
9.366666674613952637e-01
9.388889074325561523e-01
9.722222089767456055e-01
9.744444489479064941e-01
9.588888883590698242e-01
9.744444489479064941e-01
9.766666889190673828e-01
9.788888692855834961e-01
9.722222089767456055e-01
9.666666388511657715e-01
9.811111092567443848e-01
1.000000000000000000e+00
9.711111187934875488e-01
9.944444298744201660e-01
9.955555796623229980e-01
9.755555391311645508e-01
1.000000000000000000e+00
9.822221994400024414e-01
1.000000000000000000e+00
9.711111187934875488e-01
1.000000000000000000e+00
1.000000000000000000e+00
9.811111092567443848e-01
1.000000000000000000e+00
9.911110997200012207e-01
1.000000000000000000e+00
9.800000190734863281e-01
1.000000000000000000e+00
1.000000000000000000e+00
9.777777791023254395e-01
1.000000000000000000e+00
1.000000000000000000e+00
1.000000000000000000e+00
9.844444394111633301e-01
1.000000000000000000e+00
1.000000000000000000e+00
9.811111092567443848e-01
1.000000000000000000e+00
1.000000000000000000e+00
9.811111092567443848e-01
1.000000000000000000e+00
1.000000000000000000e+00
1.000000000000000000e+00
9.888888597488403320e-01
1.000000000000000000e+00
1.000000000000000000e+00
1.000000000000000000e+00
9.877777695655822754e-01
1.000000000000000000e+00
1.000000000000000000e+00
9.988889098167419434e-01
1.000000000000000000e+00
1.000000000000000000e+00
9.888888597488403320e-01
1.000000000000000000e+00
1.000000000000000000e+00
1.000000000000000000e+00
9.900000095367431641e-01
1.000000000000000000e+00
1.000000000000000000e+00
1.000000000000000000e+00
9.911110997200012207e-01
1.000000000000000000e+00
1.000000000000000000e+00
1.000000000000000000e+00
9.955555796623229980e-01
1.000000000000000000e+00
1.000000000000000000e+00
1.000000000000000000e+00
9.911110997200012207e-01
1.000000000000000000e+00
1.000000000000000000e+00
1.000000000000000000e+00
1.000000000000000000e+00
9.855555295944213867e-01
1.000000000000000000e+00
1.000000000000000000e+00
1.000000000000000000e+00
1.000000000000000000e+00
9.866666793823242188e-01
1.000000000000000000e+00
1.000000000000000000e+00
1.000000000000000000e+00
1.000000000000000000e+00
